1:[[0,15],[0,10]]
2:[[180,14],[0,5]]
3:[[0,16],[180,7]]
4:[[0,2],[90,6]]
5:[[0,15],[270,8]]
6:[[0,16],[0,14]]
7:[[180,3],[0,13]]
8:[[0,0],[180,4]]
9:[[90,11],[180,1]]
10:[[0,8],[0,10]]
11:[[270,6],[270,14]]
12:[[270,8],[270,3]]
13:[[270,11],[90,13]]
14:[[180,2],[180,7]]
15:[[180,9],[0,11]]
16:[[0,15],[90,3]]
17:[[0,5],[180,9]]
18:[[0,14],[180,2]]
19:[[180,4],[270,13]]
20:[[0,5],[0,10],[0,9]]
21:[[0,1],[180,4],[0,16]]
22:[[180,14],[0,10],[180,6]]
23:[[90,7],[270,2],[0,15]]
24:[[0,1],[180,11],[90,16]]
25:[[0,10],[90,13],[0,3]]
26:[[0,1],[180,2]]
27:[[0,5],[0,17]]
28:[[0,14],[90,13]]
29:[[0,15],[0,10],[0,8]]
30:[[270,13],[180,11],[0,7]]
31:[[90,7],[0,2],[270,12]]
32:[[0,9],[0,14],[90,16]]
33:[[90,14],[90,6],[270,4]]
34:[[90,8],[90,12]]
35:[[0,10],[0,16],[270,11]]
36:[[90,7],[90,1],[90,6]]
37:[[180,5],[180,2],[180,4]]
38:[[0,15],[0,12],[270,6]]
39:[[0,2],[270,8],[0,3]]
40:[[270,13],[180,5],[270,4]]
41:[[0,15],[0,13],[0,16]]
42:[[90,0],[270,8],[0,1]]
43:[[180,5],[180,11],[180,4]]
44:[[0,15],[180,3],[90,12]]
45:[[180,0],[180,12],[90,1]]
46:[[90,1],[180,6],[90,17]]
47:[[180,8],[180,4],[180,9]]
48:[[0,14],[180,12],[0,13]]
49:[[90,2],[180,5],[90,3]]
50:[[180,0],[90,14],[0,1]]
51:[[180,8],[270,16],[90,13],[180,4]]
52:[[0,10],[0,6],[90,17],[180,2]]
53:[[270,0],[180,2],[90,13],[0,7]]
54:[[180,8],[180,11],[180,4],[0,14]]
55:[[0,5],[90,11],[270,13],[0,4]]
56:[[0,9],[180,5],[90,12],[0,15]]
57:[[90,5],[0,13],[270,7],[90,4]]
58:[[0,15],[90,1],[270,2],[180,16]]
59:[[90,14],[0,6],[90,13],[0,7]]
60:[[90,11],[270,8],[0,10],[270,9]]
61:[[270,16],[180,1],[270,3],[90,11]]
62:[[0,15],[90,8],[0,16],[270,17]]
63:[[270,2],[90,8],[90,7],[180,3]]
64:[[180,13],[0,12],[180,5],[0,2]]
65:[[90,2],[180,3],[180,17],[0,1]]
66:[[10,0],[270,13],[0,12],[270,11]]
67:[[270,5],[0,12],[90,4],[270,13]]
68:[[0,10],[180,8],[270,17],[270,11]]
69:[[270,0],[90,7],[90,1],[90,6]]
70:[[180,5],[180,8],[270,9],[90,4]]
71:[[270,0],[90,8],[90,12]]
72:[[0,9],[90,3],[90,17]]
73:[[0,14],[0,0],[0,13],[0,1]]
74:[[90,2],[0,15],[90,3],[180,16]]
75:[[90,11],[0,4],[90,17]]
76:[[0,15],[0,7],[0,10],[270,11],[180,13]]
77:[[90,2],[180,8],[0,3],[90,17],[270,1]]
78:[[90,14],[270,7],[270,12],[180,13],[270,6]]
79:[[0,15],[0,12],[180,7],[0,3],[180,16]]
80:[[0,15],[180,8],[180,9],[0,4],[0,14]]
81:[[0,8],[270,13],[90,11],[270,7],[180,12]]
82:[[0,0],[0,15],[180,3],[180,1],[270,16]]
83:[[90,2],[180,8],[0,13],[0,3],[0,15]]
84:[[90,13],[0,10],[90,14],[0,7],[270,2]]
85:[[0,2],[90,12],[180,11],[180,3]]
86:[[0,8],[90,14],[180,7],[0,12],[0,3]]
87:[[180,11],[0,10],[0,13],[0,14],[270,4]]
88:[[270,8],[0,9],[0,7],[270,6],[0,9],[180,17]]
89:[[270,6],[270,13],[270,7],[0,3],[90,17]]
90:[[270,0],[180,1],[270,12],[270,3],[0,15]]
91:[[270,8],[0,12],[0,5],[0,17],[0,4]]
92:[[180,11],[270,2],[0,10],[0,3],[0,17]]
93:[[0,8],[90,14],[270,6],[270,12],[270,2]]
94:[[90,0],[0,3],[180,12],[180,13],[90,17]]
95:[[270,2],[180,12],[90,3],[180,17]]